Smoking areas,
614.90 254.13
622.48 250.92
631.80 240.81
606.00 209.12
635.31 226.03
631.16 216.45
617.88 211.52

Sitting areas,
366.89 172.76
390.65 169.99
454.79 159.36
472.37 155.10
506.02 190.24
379.76 210.79
402.21 209.86
464.56 200.49
483.47 194.08
494.61 145.84

Horsaal,
625.14 188.92
640.29 182.99
647.04 175.28
637.93 150.62
635.67 186.80
655.39 164.14
647.23 155.42
618.04 149.43
632.95 150.45

Library,
251.28 194.90
251.32 179.51
240.34 165.71
230.15 157.91
199.48 208.87
193.00 194.74
190.49 180.75
200.45 166.69
214.66 159.23

Classrooms,
190.06 379.66
184.78 350.64
182.75 323.82
177.85 293.68
201.40 289.78
210.58 376.90
207.68 347.52
205.67 321.16

277.85 369.18
299.34 367.44
293.74 330.41
272.46 334.41
265.84 292.14
287.38 288.67

361.80 354.96
385.05 352.54
379.68 320.69
356.54 325.13
351.15 281.57
374.22 277.16

448.08 344.92
471.20 339.27
467.45 310.95
444.14 316.85
437.40 265.20
458.96 261.48

533.84 335.86
556.17 331.17
551.03 292.87
528.45 295.72
522.89 249.55
544.74 244.60

283.75 77.81
294.02 126.35
317.17 119.46
306.88 71.66

360.35 59.86
383.03 52.21
374.31 109.71
396.22 102.77

438.26 39.97
462.35 34.85
452.89 92.01
472.52 86.24

519.78 23.87
541.92 17.68
530.33 71.49
552.95 65.82

595.86 6.65
607.94 45.87
628.27 41.61
619.01 0.00

other rooms,
512.79 117.44 // coffee,
592.43 97.99 // coffee,
369.32 149.33 // cafe,

entry points,
124.26 237.43
592.68 262.80

toilets,
264.12 269.73
348.99 257.53
434.54 243.74
519.39 228.56
298.92 142.91
378.44 126.99
457.80 115.53
536.46 95.79
613.95 73.65